% Depth (A)	I1 (cm^-3)	I2 (cm^-3)	...
5.000000e+01	2.829500e+19	2.009625e+19	
1.500000e+02	3.375000e+19	2.365125e+19	
2.500000e+02	4.489875e+19	3.111000e+19	
3.500000e+02	4.987375e+19	3.454000e+19	
4.500000e+02	5.697875e+19	3.939125e+19	
5.500000e+02	5.929750e+19	4.139750e+19	
6.500000e+02	5.360625e+19	3.734750e+19	
7.500000e+02	4.933875e+19	3.426750e+19	
8.500000e+02	4.789250e+19	3.272000e+19	
9.500000e+02	4.133750e+19	2.834000e+19	
1.050000e+03	3.626625e+19	2.517625e+19	
1.150000e+03	3.240625e+19	2.244125e+19	
1.250000e+03	2.885250e+19	1.983250e+19	
1.350000e+03	2.486125e+19	1.728000e+19	
1.450000e+03	2.324750e+19	1.621500e+19	
1.550000e+03	2.326750e+19	1.624625e+19	
1.650000e+03	2.136375e+19	1.487875e+19	
1.750000e+03	2.081250e+19	1.469375e+19	
1.850000e+03	1.729375e+19	1.192875e+19	
1.950000e+03	1.729875e+19	1.192000e+19	
2.050000e+03	1.673125e+19	1.168750e+19	
2.150000e+03	1.688500e+19	1.191125e+19	
2.250000e+03	1.695750e+19	1.197375e+19	
2.350000e+03	1.561000e+19	1.086125e+19	
2.450000e+03	1.472750e+19	1.037375e+19	
2.550000e+03	1.481125e+19	1.012750e+19	
2.650000e+03	1.239500e+19	8.658750e+18	
2.750000e+03	1.134750e+19	8.111250e+18	
2.850000e+03	1.236625e+19	8.577500e+18	
2.950000e+03	1.391125e+19	9.326250e+18	
3.050000e+03	1.151875e+19	8.096250e+18	
3.150000e+03	1.032125e+19	7.190000e+18	
3.250000e+03	8.920000e+18	6.212500e+18	
3.350000e+03	9.558750e+18	6.712500e+18	
3.450000e+03	8.668750e+18	6.068750e+18	
3.550000e+03	9.037500e+18	6.310000e+18	
3.650000e+03	7.670000e+18	5.251250e+18	
3.750000e+03	7.985000e+18	5.616250e+18	
3.850000e+03	7.738750e+18	5.297500e+18	
3.950000e+03	6.755000e+18	4.777500e+18	
4.050000e+03	5.487500e+18	3.817500e+18	
4.150000e+03	5.280000e+18	3.591250e+18	
4.250000e+03	4.425000e+18	3.053750e+18	
4.350000e+03	3.946250e+18	2.618750e+18	
4.450000e+03	3.160000e+18	2.216250e+18	
4.550000e+03	2.438750e+18	1.690000e+18	
4.650000e+03	2.101250e+18	1.437500e+18	
4.750000e+03	1.992500e+18	1.423750e+18	
4.850000e+03	1.548750e+18	1.067500e+18	
4.950000e+03	1.468750e+18	9.925000e+17	
5.050000e+03	1.257500e+18	8.750000e+17	
5.150000e+03	5.837500e+17	3.950000e+17	
5.250000e+03	4.900000e+17	3.100000e+17	
5.350000e+03	2.762500e+17	1.837500e+17	
5.450000e+03	2.137500e+17	1.337500e+17	
5.550000e+03	2.162500e+17	1.612500e+17	
5.650000e+03	2.112500e+17	1.387500e+17	
5.750000e+03	3.500000e+16	3.875000e+16	
5.850000e+03	3.750000e+16	1.625000e+16	
5.950000e+03	0.000000e+00	0.000000e+00	
6.050000e+03	0.000000e+00	0.000000e+00	
6.150000e+03	0.000000e+00	0.000000e+00	
6.250000e+03	0.000000e+00	0.000000e+00	
6.350000e+03	0.000000e+00	0.000000e+00	
6.450000e+03	0.000000e+00	0.000000e+00	
6.550000e+03	0.000000e+00	0.000000e+00	
6.650000e+03	0.000000e+00	0.000000e+00	
6.750000e+03	0.000000e+00	0.000000e+00	
6.850000e+03	0.000000e+00	0.000000e+00	
6.950000e+03	0.000000e+00	0.000000e+00	
7.050000e+03	0.000000e+00	0.000000e+00	
7.150000e+03	0.000000e+00	0.000000e+00	
7.250000e+03	0.000000e+00	0.000000e+00	
7.350000e+03	0.000000e+00	0.000000e+00	
7.450000e+03	0.000000e+00	0.000000e+00	
7.550000e+03	0.000000e+00	0.000000e+00	
7.650000e+03	0.000000e+00	0.000000e+00	
7.750000e+03	0.000000e+00	0.000000e+00	
7.850000e+03	0.000000e+00	0.000000e+00	
7.950000e+03	0.000000e+00	0.000000e+00	
8.050000e+03	0.000000e+00	0.000000e+00	
8.150000e+03	0.000000e+00	0.000000e+00	
8.250000e+03	0.000000e+00	0.000000e+00	
8.350000e+03	0.000000e+00	0.000000e+00	
8.450000e+03	0.000000e+00	0.000000e+00	
8.550000e+03	0.000000e+00	0.000000e+00	
8.650000e+03	0.000000e+00	0.000000e+00	
8.750000e+03	0.000000e+00	0.000000e+00	
8.850000e+03	0.000000e+00	0.000000e+00	
8.950000e+03	0.000000e+00	0.000000e+00	
9.050000e+03	0.000000e+00	0.000000e+00	
9.150000e+03	0.000000e+00	0.000000e+00	
9.250000e+03	0.000000e+00	0.000000e+00	
9.350000e+03	0.000000e+00	0.000000e+00	
9.450000e+03	0.000000e+00	0.000000e+00	
9.550000e+03	0.000000e+00	0.000000e+00	
9.650000e+03	0.000000e+00	0.000000e+00	
9.750000e+03	0.000000e+00	0.000000e+00	
9.850000e+03	0.000000e+00	0.000000e+00	
9.950000e+03	0.000000e+00	0.000000e+00	
5.000000e+01	7.428250e+19	5.240875e+19	
1.500000e+02	8.971875e+19	6.293125e+19	
2.500000e+02	1.145825e+20	7.896750e+19	
3.500000e+02	1.305063e+20	9.070000e+19	
4.500000e+02	1.494100e+20	1.026913e+20	
5.500000e+02	1.532275e+20	1.065288e+20	
6.500000e+02	1.469400e+20	1.016413e+20	
7.500000e+02	1.315500e+20	9.106000e+19	
8.500000e+02	1.229750e+20	8.452875e+19	
9.500000e+02	1.074813e+20	7.408500e+19	
1.050000e+03	9.533625e+19	6.582500e+19	
1.150000e+03	8.297375e+19	5.729000e+19	
1.250000e+03	7.383625e+19	5.118625e+19	
1.350000e+03	6.425000e+19	4.457250e+19	
1.450000e+03	6.105875e+19	4.233375e+19	
1.550000e+03	5.857000e+19	4.063875e+19	
1.650000e+03	5.447125e+19	3.749875e+19	
1.750000e+03	5.332125e+19	3.743375e+19	
1.850000e+03	4.666250e+19	3.220125e+19	
1.950000e+03	4.438375e+19	3.068500e+19	
2.050000e+03	4.424250e+19	3.078250e+19	
2.150000e+03	4.127750e+19	2.868625e+19	
2.250000e+03	4.235500e+19	2.963125e+19	
2.350000e+03	4.092875e+19	2.859000e+19	
2.450000e+03	3.672250e+19	2.584125e+19	
2.550000e+03	3.535500e+19	2.420875e+19	
2.650000e+03	3.254875e+19	2.262125e+19	
2.750000e+03	3.111500e+19	2.172375e+19	
2.850000e+03	3.065875e+19	2.109750e+19	
2.950000e+03	3.019500e+19	2.054625e+19	
3.050000e+03	2.679000e+19	1.869875e+19	
3.150000e+03	2.539625e+19	1.776375e+19	
3.250000e+03	2.422000e+19	1.687375e+19	
3.350000e+03	2.278250e+19	1.587625e+19	
3.450000e+03	2.001500e+19	1.405250e+19	
3.550000e+03	2.059500e+19	1.443500e+19	
3.650000e+03	1.910000e+19	1.311875e+19	
3.750000e+03	1.815625e+19	1.270375e+19	
3.850000e+03	1.602875e+19	1.098875e+19	
3.950000e+03	1.424125e+19	1.006125e+19	
4.050000e+03	1.279625e+19	8.860000e+18	
4.150000e+03	1.182625e+19	8.057500e+18	
4.250000e+03	9.565000e+18	6.643750e+18	
4.350000e+03	8.521250e+18	5.738750e+18	
4.450000e+03	6.676250e+18	4.678750e+18	
4.550000e+03	5.301250e+18	3.691250e+18	
4.650000e+03	4.875000e+18	3.368750e+18	
4.750000e+03	4.383750e+18	3.110000e+18	
4.850000e+03	3.365000e+18	2.310000e+18	
4.950000e+03	2.696250e+18	1.777500e+18	
5.050000e+03	2.400000e+18	1.608750e+18	
5.150000e+03	1.266250e+18	8.475000e+17	
5.250000e+03	8.050000e+17	5.175000e+17	
5.350000e+03	5.425000e+17	3.350000e+17	
5.450000e+03	4.387500e+17	2.812500e+17	
5.550000e+03	3.062500e+17	2.212500e+17	
5.650000e+03	3.000000e+17	2.025000e+17	
5.750000e+03	3.750000e+16	4.250000e+16	
5.850000e+03	3.750000e+16	1.625000e+16	
5.950000e+03	0.000000e+00	0.000000e+00	
6.050000e+03	0.000000e+00	0.000000e+00	
6.150000e+03	0.000000e+00	0.000000e+00	
6.250000e+03	0.000000e+00	0.000000e+00	
6.350000e+03	0.000000e+00	0.000000e+00	
6.450000e+03	0.000000e+00	0.000000e+00	
6.550000e+03	0.000000e+00	0.000000e+00	
6.650000e+03	0.000000e+00	0.000000e+00	
6.750000e+03	0.000000e+00	0.000000e+00	
6.850000e+03	0.000000e+00	0.000000e+00	
6.950000e+03	0.000000e+00	0.000000e+00	
7.050000e+03	0.000000e+00	0.000000e+00	
7.150000e+03	0.000000e+00	0.000000e+00	
7.250000e+03	0.000000e+00	0.000000e+00	
7.350000e+03	0.000000e+00	0.000000e+00	
7.450000e+03	0.000000e+00	0.000000e+00	
7.550000e+03	0.000000e+00	0.000000e+00	
7.650000e+03	0.000000e+00	0.000000e+00	
7.750000e+03	0.000000e+00	0.000000e+00	
7.850000e+03	0.000000e+00	0.000000e+00	
7.950000e+03	0.000000e+00	0.000000e+00	
8.050000e+03	0.000000e+00	0.000000e+00	
8.150000e+03	0.000000e+00	0.000000e+00	
8.250000e+03	0.000000e+00	0.000000e+00	
8.350000e+03	0.000000e+00	0.000000e+00	
8.450000e+03	0.000000e+00	0.000000e+00	
8.550000e+03	0.000000e+00	0.000000e+00	
8.650000e+03	0.000000e+00	0.000000e+00	
8.750000e+03	0.000000e+00	0.000000e+00	
8.850000e+03	0.000000e+00	0.000000e+00	
8.950000e+03	0.000000e+00	0.000000e+00	
9.050000e+03	0.000000e+00	0.000000e+00	
9.150000e+03	0.000000e+00	0.000000e+00	
9.250000e+03	0.000000e+00	0.000000e+00	
9.350000e+03	0.000000e+00	0.000000e+00	
9.450000e+03	0.000000e+00	0.000000e+00	
9.550000e+03	0.000000e+00	0.000000e+00	
9.650000e+03	0.000000e+00	0.000000e+00	
9.750000e+03	0.000000e+00	0.000000e+00	
9.850000e+03	0.000000e+00	0.000000e+00	
9.950000e+03	0.000000e+00	0.000000e+00	
5.000000e+01	2.229688e+20	1.585600e+20	
1.500000e+02	2.783388e+20	1.942938e+20	
2.500000e+02	3.507375e+20	2.428688e+20	
3.500000e+02	4.101425e+20	2.842688e+20	
4.500000e+02	4.656988e+20	3.206663e+20	
5.500000e+02	4.813150e+20	3.331100e+20	
6.500000e+02	4.771300e+20	3.292888e+20	
7.500000e+02	4.431313e+20	3.063763e+20	
8.500000e+02	4.053725e+20	2.787863e+20	
9.500000e+02	3.608125e+20	2.481300e+20	
1.050000e+03	3.283250e+20	2.266800e+20	
1.150000e+03	2.983638e+20	2.063600e+20	
1.250000e+03	2.693763e+20	1.857925e+20	
1.350000e+03	2.335563e+20	1.614350e+20	
1.450000e+03	2.176963e+20	1.501438e+20	
1.550000e+03	1.995500e+20	1.382863e+20	
1.650000e+03	1.845913e+20	1.274963e+20	
1.750000e+03	1.768638e+20	1.230988e+20	
1.850000e+03	1.588413e+20	1.096313e+20	
1.950000e+03	1.449088e+20	9.988250e+19	
2.050000e+03	1.401275e+20	9.722875e+19	
2.150000e+03	1.306350e+20	9.064125e+19	
2.250000e+03	1.233238e+20	8.573750e+19	
2.350000e+03	1.218038e+20	8.472125e+19	
2.450000e+03	1.075350e+20	7.483625e+19	
2.550000e+03	9.995000e+19	6.915625e+19	
2.650000e+03	9.299750e+19	6.459625e+19	
2.750000e+03	8.532000e+19	5.938625e+19	
2.850000e+03	8.145750e+19	5.618625e+19	
2.950000e+03	7.460125e+19	5.136625e+19	
3.050000e+03	6.888125e+19	4.772625e+19	
3.150000e+03	6.355500e+19	4.395375e+19	
3.250000e+03	5.974750e+19	4.158375e+19	
3.350000e+03	5.558500e+19	3.868000e+19	
3.450000e+03	5.046375e+19	3.539500e+19	
3.550000e+03	4.671250e+19	3.302625e+19	
3.650000e+03	4.299625e+19	2.978500e+19	
3.750000e+03	4.143625e+19	2.890125e+19	
3.850000e+03	3.570375e+19	2.476125e+19	
3.950000e+03	3.018000e+19	2.138500e+19	
4.050000e+03	2.759875e+19	1.910250e+19	
4.150000e+03	2.583625e+19	1.773750e+19	
4.250000e+03	2.263750e+19	1.568750e+19	
4.350000e+03	1.913250e+19	1.313750e+19	
4.450000e+03	1.538250e+19	1.087250e+19	
4.550000e+03	1.266375e+19	8.706250e+18	
4.650000e+03	1.041125e+19	7.217500e+18	
4.750000e+03	8.961250e+18	6.183750e+18	
4.850000e+03	6.386250e+18	4.423750e+18	
4.950000e+03	5.516250e+18	3.606250e+18	
5.050000e+03	4.516250e+18	3.061250e+18	
5.150000e+03	2.671250e+18	1.828750e+18	
5.250000e+03	1.581250e+18	1.085000e+18	
5.350000e+03	1.446250e+18	9.325000e+17	
5.450000e+03	1.066250e+18	6.487500e+17	
5.550000e+03	5.262500e+17	3.925000e+17	
5.650000e+03	3.850000e+17	2.700000e+17	
5.750000e+03	1.375000e+17	1.137500e+17	
5.850000e+03	9.375000e+16	5.875000e+16	
5.950000e+03	1.250000e+16	1.125000e+16	
6.050000e+03	3.750000e+15	3.750000e+15	
6.150000e+03	4.250000e+16	2.875000e+16	
6.250000e+03	1.250000e+15	5.000000e+15	
6.350000e+03	1.375000e+16	1.000000e+16	
6.450000e+03	3.125000e+16	2.625000e+16	
6.550000e+03	0.000000e+00	0.000000e+00	
6.650000e+03	0.000000e+00	0.000000e+00	
6.750000e+03	0.000000e+00	0.000000e+00	
6.850000e+03	0.000000e+00	0.000000e+00	
6.950000e+03	0.000000e+00	0.000000e+00	
7.050000e+03	0.000000e+00	0.000000e+00	
7.150000e+03	0.000000e+00	0.000000e+00	
7.250000e+03	0.000000e+00	0.000000e+00	
7.350000e+03	0.000000e+00	0.000000e+00	
7.450000e+03	0.000000e+00	0.000000e+00	
7.550000e+03	0.000000e+00	0.000000e+00	
7.650000e+03	0.000000e+00	0.000000e+00	
7.750000e+03	0.000000e+00	0.000000e+00	
7.850000e+03	0.000000e+00	0.000000e+00	
7.950000e+03	0.000000e+00	0.000000e+00	
8.050000e+03	0.000000e+00	0.000000e+00	
8.150000e+03	0.000000e+00	0.000000e+00	
8.250000e+03	0.000000e+00	0.000000e+00	
8.350000e+03	0.000000e+00	0.000000e+00	
8.450000e+03	0.000000e+00	0.000000e+00	
8.550000e+03	0.000000e+00	0.000000e+00	
8.650000e+03	0.000000e+00	0.000000e+00	
8.750000e+03	0.000000e+00	0.000000e+00	
8.850000e+03	0.000000e+00	0.000000e+00	
8.950000e+03	0.000000e+00	0.000000e+00	
9.050000e+03	0.000000e+00	0.000000e+00	
9.150000e+03	0.000000e+00	0.000000e+00	
9.250000e+03	0.000000e+00	0.000000e+00	
9.350000e+03	0.000000e+00	0.000000e+00	
9.450000e+03	0.000000e+00	0.000000e+00	
9.550000e+03	0.000000e+00	0.000000e+00	
9.650000e+03	0.000000e+00	0.000000e+00	
9.750000e+03	0.000000e+00	0.000000e+00	
9.850000e+03	0.000000e+00	0.000000e+00	
9.950000e+03	0.000000e+00	0.000000e+00	
5.000000e+01	7.574463e+20	5.406225e+20	
1.500000e+02	9.691500e+20	6.758050e+20	
2.500000e+02	1.255141e+21	8.721100e+20	
3.500000e+02	1.525078e+21	1.054730e+21	
4.500000e+02	1.763794e+21	1.218614e+21	
5.500000e+02	1.895708e+21	1.310053e+21	
6.500000e+02	1.952985e+21	1.352368e+21	
7.500000e+02	1.910374e+21	1.316676e+21	
8.500000e+02	1.813414e+21	1.248705e+21	
9.500000e+02	1.671891e+21	1.151765e+21	
1.050000e+03	1.515295e+21	1.045329e+21	
1.150000e+03	1.362960e+21	9.397338e+20	
1.250000e+03	1.208978e+21	8.328013e+20	
1.350000e+03	1.043760e+21	7.199113e+20	
1.450000e+03	9.225963e+20	6.355225e+20	
1.550000e+03	8.026975e+20	5.544100e+20	
1.650000e+03	6.997963e+20	4.824363e+20	
1.750000e+03	6.103850e+20	4.221775e+20	
1.850000e+03	5.345063e+20	3.693500e+20	
1.950000e+03	4.692150e+20	3.233600e+20	
2.050000e+03	4.202925e+20	2.900450e+20	
2.150000e+03	3.673325e+20	2.545125e+20	
2.250000e+03	3.258725e+20	2.249263e+20	
2.350000e+03	2.952138e+20	2.040100e+20	
2.450000e+03	2.525713e+20	1.748725e+20	
2.550000e+03	2.242838e+20	1.553275e+20	
2.650000e+03	2.008813e+20	1.393100e+20	
2.750000e+03	1.812263e+20	1.258138e+20	
2.850000e+03	1.650838e+20	1.134300e+20	
2.950000e+03	1.507588e+20	1.040575e+20	
3.050000e+03	1.365038e+20	9.450250e+19	
3.150000e+03	1.195850e+20	8.195125e+19	
3.250000e+03	1.072025e+20	7.438875e+19	
3.350000e+03	9.622375e+19	6.666250e+19	
3.450000e+03	8.733000e+19	6.114125e+19	
3.550000e+03	7.817000e+19	5.491750e+19	
3.650000e+03	7.124750e+19	4.943750e+19	
3.750000e+03	6.494375e+19	4.515875e+19	
3.850000e+03	5.589500e+19	3.895500e+19	
3.950000e+03	4.906125e+19	3.473250e+19	
4.050000e+03	4.359250e+19	3.025625e+19	
4.150000e+03	3.972625e+19	2.729750e+19	
4.250000e+03	3.304875e+19	2.300125e+19	
4.350000e+03	2.858250e+19	1.972750e+19	
4.450000e+03	2.386125e+19	1.675875e+19	
4.550000e+03	1.867000e+19	1.284750e+19	
4.650000e+03	1.517250e+19	1.046000e+19	
4.750000e+03	1.333875e+19	9.223750e+18	
4.850000e+03	9.375000e+18	6.547500e+18	
4.950000e+03	8.162500e+18	5.525000e+18	
5.050000e+03	6.417500e+18	4.472500e+18	
5.150000e+03	4.133750e+18	2.853750e+18	
5.250000e+03	2.311250e+18	1.572500e+18	
5.350000e+03	2.187500e+18	1.446250e+18	
5.450000e+03	1.568750e+18	1.016250e+18	
5.550000e+03	7.750000e+17	5.512500e+17	
5.650000e+03	5.037500e+17	3.650000e+17	
5.750000e+03	1.687500e+17	1.262500e+17	
5.850000e+03	1.100000e+17	7.250000e+16	
5.950000e+03	8.250000e+16	6.000000e+16	
6.050000e+03	1.675000e+17	1.187500e+17	
6.150000e+03	6.250000e+16	4.375000e+16	
6.250000e+03	1.250000e+15	5.000000e+15	
6.350000e+03	1.375000e+16	1.000000e+16	
6.450000e+03	3.125000e+16	2.625000e+16	
6.550000e+03	0.000000e+00	0.000000e+00	
6.650000e+03	0.000000e+00	0.000000e+00	
6.750000e+03	1.250000e+15	0.000000e+00	
6.850000e+03	1.125000e+16	3.750000e+15	
6.950000e+03	6.250000e+15	1.250000e+15	
7.050000e+03	3.625000e+16	2.375000e+16	
7.150000e+03	2.375000e+16	1.875000e+16	
7.250000e+03	0.000000e+00	0.000000e+00	
7.350000e+03	0.000000e+00	0.000000e+00	
7.450000e+03	0.000000e+00	0.000000e+00	
7.550000e+03	2.625000e+16	1.500000e+16	
7.650000e+03	2.000000e+16	1.375000e+16	
7.750000e+03	1.250000e+15	0.000000e+00	
7.850000e+03	2.500000e+15	0.000000e+00	
7.950000e+03	0.000000e+00	0.000000e+00	
8.050000e+03	0.000000e+00	0.000000e+00	
8.150000e+03	0.000000e+00	0.000000e+00	
8.250000e+03	6.250000e+15	2.500000e+15	
8.350000e+03	2.375000e+16	6.250000e+15	
8.450000e+03	8.375000e+16	4.750000e+16	
8.550000e+03	2.500000e+16	1.750000e+16	
8.650000e+03	0.000000e+00	0.000000e+00	
8.750000e+03	0.000000e+00	0.000000e+00	
8.850000e+03	4.625000e+16	4.000000e+16	
8.950000e+03	1.250000e+15	1.250000e+15	
9.050000e+03	0.000000e+00	0.000000e+00	
9.150000e+03	0.000000e+00	0.000000e+00	
9.250000e+03	0.000000e+00	0.000000e+00	
9.350000e+03	0.000000e+00	0.000000e+00	
9.450000e+03	0.000000e+00	0.000000e+00	
9.550000e+03	0.000000e+00	0.000000e+00	
9.650000e+03	0.000000e+00	0.000000e+00	
9.750000e+03	0.000000e+00	0.000000e+00	
9.850000e+03	0.000000e+00	0.000000e+00	
9.950000e+03	0.000000e+00	0.000000e+00	
