% Depth (A)	V1 (cm^-3)	V2 (cm^-3)	...
5.000000e+01	2.917750e+19	2.078250e+19	
1.500000e+02	3.381375e+19	2.362875e+19	
2.500000e+02	4.505500e+19	3.125125e+19	
3.500000e+02	4.994000e+19	3.466500e+19	
4.500000e+02	5.712250e+19	3.947250e+19	
5.500000e+02	5.929000e+19	4.143750e+19	
6.500000e+02	5.353250e+19	3.723375e+19	
7.500000e+02	4.939000e+19	3.427000e+19	
8.500000e+02	4.785125e+19	3.272125e+19	
9.500000e+02	4.125000e+19	2.830250e+19	
1.050000e+03	3.624875e+19	2.512500e+19	
1.150000e+03	3.237125e+19	2.237000e+19	
1.250000e+03	2.882875e+19	1.986250e+19	
1.350000e+03	2.484625e+19	1.724125e+19	
1.450000e+03	2.315875e+19	1.619375e+19	
1.550000e+03	2.333375e+19	1.620750e+19	
1.650000e+03	2.129500e+19	1.486250e+19	
1.750000e+03	2.081750e+19	1.472000e+19	
1.850000e+03	1.725000e+19	1.183125e+19	
1.950000e+03	1.724000e+19	1.192750e+19	
2.050000e+03	1.673500e+19	1.168625e+19	
2.150000e+03	1.692750e+19	1.192125e+19	
2.250000e+03	1.701625e+19	1.200000e+19	
2.350000e+03	1.558875e+19	1.088000e+19	
2.450000e+03	1.467000e+19	1.034875e+19	
2.550000e+03	1.483375e+19	1.009000e+19	
2.650000e+03	1.237125e+19	8.723750e+18	
2.750000e+03	1.130750e+19	7.991250e+18	
2.850000e+03	1.233000e+19	8.603750e+18	
2.950000e+03	1.400250e+19	9.415000e+18	
3.050000e+03	1.148125e+19	8.016250e+18	
3.150000e+03	1.032875e+19	7.170000e+18	
3.250000e+03	8.868750e+18	6.180000e+18	
3.350000e+03	9.552500e+18	6.745000e+18	
3.450000e+03	8.728750e+18	6.081250e+18	
3.550000e+03	9.015000e+18	6.307500e+18	
3.650000e+03	7.638750e+18	5.223750e+18	
3.750000e+03	8.045000e+18	5.648750e+18	
3.850000e+03	7.715000e+18	5.310000e+18	
3.950000e+03	6.720000e+18	4.740000e+18	
4.050000e+03	5.486250e+18	3.777500e+18	
4.150000e+03	5.251250e+18	3.587500e+18	
4.250000e+03	4.423750e+18	3.070000e+18	
4.350000e+03	3.961250e+18	2.611250e+18	
4.450000e+03	3.161250e+18	2.215000e+18	
4.550000e+03	2.383750e+18	1.675000e+18	
4.650000e+03	2.086250e+18	1.416250e+18	
4.750000e+03	2.000000e+18	1.426250e+18	
4.850000e+03	1.553750e+18	1.067500e+18	
4.950000e+03	1.460000e+18	9.950000e+17	
5.050000e+03	1.255000e+18	8.725000e+17	
5.150000e+03	5.850000e+17	3.800000e+17	
5.250000e+03	4.850000e+17	3.100000e+17	
5.350000e+03	2.712500e+17	1.775000e+17	
5.450000e+03	2.125000e+17	1.375000e+17	
5.550000e+03	2.262500e+17	1.637500e+17	
5.650000e+03	2.075000e+17	1.400000e+17	
5.750000e+03	3.250000e+16	3.375000e+16	
5.850000e+03	3.625000e+16	1.625000e+16	
5.950000e+03	0.000000e+00	0.000000e+00	
6.050000e+03	0.000000e+00	0.000000e+00	
6.150000e+03	0.000000e+00	0.000000e+00	
6.250000e+03	0.000000e+00	0.000000e+00	
6.350000e+03	0.000000e+00	0.000000e+00	
6.450000e+03	0.000000e+00	0.000000e+00	
6.550000e+03	0.000000e+00	0.000000e+00	
6.650000e+03	0.000000e+00	0.000000e+00	
6.750000e+03	0.000000e+00	0.000000e+00	
6.850000e+03	0.000000e+00	0.000000e+00	
6.950000e+03	0.000000e+00	0.000000e+00	
7.050000e+03	0.000000e+00	0.000000e+00	
7.150000e+03	0.000000e+00	0.000000e+00	
7.250000e+03	0.000000e+00	0.000000e+00	
7.350000e+03	0.000000e+00	0.000000e+00	
7.450000e+03	0.000000e+00	0.000000e+00	
7.550000e+03	0.000000e+00	0.000000e+00	
7.650000e+03	0.000000e+00	0.000000e+00	
7.750000e+03	0.000000e+00	0.000000e+00	
7.850000e+03	0.000000e+00	0.000000e+00	
7.950000e+03	0.000000e+00	0.000000e+00	
8.050000e+03	0.000000e+00	0.000000e+00	
8.150000e+03	0.000000e+00	0.000000e+00	
8.250000e+03	0.000000e+00	0.000000e+00	
8.350000e+03	0.000000e+00	0.000000e+00	
8.450000e+03	0.000000e+00	0.000000e+00	
8.550000e+03	0.000000e+00	0.000000e+00	
8.650000e+03	0.000000e+00	0.000000e+00	
8.750000e+03	0.000000e+00	0.000000e+00	
8.850000e+03	0.000000e+00	0.000000e+00	
8.950000e+03	0.000000e+00	0.000000e+00	
9.050000e+03	0.000000e+00	0.000000e+00	
9.150000e+03	0.000000e+00	0.000000e+00	
9.250000e+03	0.000000e+00	0.000000e+00	
9.350000e+03	0.000000e+00	0.000000e+00	
9.450000e+03	0.000000e+00	0.000000e+00	
9.550000e+03	0.000000e+00	0.000000e+00	
9.650000e+03	0.000000e+00	0.000000e+00	
9.750000e+03	0.000000e+00	0.000000e+00	
9.850000e+03	0.000000e+00	0.000000e+00	
9.950000e+03	0.000000e+00	0.000000e+00	
5.000000e+01	7.658125e+19	5.420875e+19	
1.500000e+02	8.995250e+19	6.300750e+19	
2.500000e+02	1.148075e+20	7.929500e+19	
3.500000e+02	1.308150e+20	9.097875e+19	
4.500000e+02	1.498400e+20	1.028663e+20	
5.500000e+02	1.532125e+20	1.065900e+20	
6.500000e+02	1.468450e+20	1.014925e+20	
7.500000e+02	1.313838e+20	9.116000e+19	
8.500000e+02	1.229988e+20	8.434000e+19	
9.500000e+02	1.071788e+20	7.385875e+19	
1.050000e+03	9.529500e+19	6.568625e+19	
1.150000e+03	8.288750e+19	5.728875e+19	
1.250000e+03	7.368750e+19	5.099875e+19	
1.350000e+03	6.420625e+19	4.455875e+19	
1.450000e+03	6.104875e+19	4.240875e+19	
1.550000e+03	5.856875e+19	4.048375e+19	
1.650000e+03	5.426375e+19	3.742125e+19	
1.750000e+03	5.332875e+19	3.746625e+19	
1.850000e+03	4.661875e+19	3.211375e+19	
1.950000e+03	4.440125e+19	3.068625e+19	
2.050000e+03	4.416375e+19	3.085375e+19	
2.150000e+03	4.131000e+19	2.857125e+19	
2.250000e+03	4.238000e+19	2.968250e+19	
2.350000e+03	4.095500e+19	2.857625e+19	
2.450000e+03	3.659125e+19	2.574125e+19	
2.550000e+03	3.540000e+19	2.423625e+19	
2.650000e+03	3.247875e+19	2.264125e+19	
2.750000e+03	3.102125e+19	2.162500e+19	
2.850000e+03	3.060750e+19	2.111125e+19	
2.950000e+03	3.035500e+19	2.062500e+19	
3.050000e+03	2.665500e+19	1.857250e+19	
3.150000e+03	2.546000e+19	1.778875e+19	
3.250000e+03	2.417750e+19	1.684500e+19	
3.350000e+03	2.277375e+19	1.586625e+19	
3.450000e+03	2.000875e+19	1.400000e+19	
3.550000e+03	2.054875e+19	1.448625e+19	
3.650000e+03	1.909750e+19	1.307125e+19	
3.750000e+03	1.821375e+19	1.271375e+19	
3.850000e+03	1.600125e+19	1.100375e+19	
3.950000e+03	1.417750e+19	1.004375e+19	
4.050000e+03	1.279625e+19	8.796250e+18	
4.150000e+03	1.183875e+19	8.031250e+18	
4.250000e+03	9.491250e+18	6.635000e+18	
4.350000e+03	8.533750e+18	5.725000e+18	
4.450000e+03	6.688750e+18	4.697500e+18	
4.550000e+03	5.220000e+18	3.657500e+18	
4.650000e+03	4.851250e+18	3.340000e+18	
4.750000e+03	4.370000e+18	3.086250e+18	
4.850000e+03	3.378750e+18	2.325000e+18	
4.950000e+03	2.677500e+18	1.771250e+18	
5.050000e+03	2.400000e+18	1.611250e+18	
5.150000e+03	1.260000e+18	8.225000e+17	
5.250000e+03	7.912500e+17	5.112500e+17	
5.350000e+03	5.362500e+17	3.312500e+17	
5.450000e+03	4.400000e+17	2.887500e+17	
5.550000e+03	3.187500e+17	2.200000e+17	
5.650000e+03	2.900000e+17	2.025000e+17	
5.750000e+03	3.500000e+16	3.625000e+16	
5.850000e+03	3.625000e+16	1.625000e+16	
5.950000e+03	0.000000e+00	0.000000e+00	
6.050000e+03	0.000000e+00	0.000000e+00	
6.150000e+03	0.000000e+00	0.000000e+00	
6.250000e+03	0.000000e+00	0.000000e+00	
6.350000e+03	0.000000e+00	0.000000e+00	
6.450000e+03	0.000000e+00	0.000000e+00	
6.550000e+03	0.000000e+00	0.000000e+00	
6.650000e+03	0.000000e+00	0.000000e+00	
6.750000e+03	0.000000e+00	0.000000e+00	
6.850000e+03	0.000000e+00	0.000000e+00	
6.950000e+03	0.000000e+00	0.000000e+00	
7.050000e+03	0.000000e+00	0.000000e+00	
7.150000e+03	0.000000e+00	0.000000e+00	
7.250000e+03	0.000000e+00	0.000000e+00	
7.350000e+03	0.000000e+00	0.000000e+00	
7.450000e+03	0.000000e+00	0.000000e+00	
7.550000e+03	0.000000e+00	0.000000e+00	
7.650000e+03	0.000000e+00	0.000000e+00	
7.750000e+03	0.000000e+00	0.000000e+00	
7.850000e+03	0.000000e+00	0.000000e+00	
7.950000e+03	0.000000e+00	0.000000e+00	
8.050000e+03	0.000000e+00	0.000000e+00	
8.150000e+03	0.000000e+00	0.000000e+00	
8.250000e+03	0.000000e+00	0.000000e+00	
8.350000e+03	0.000000e+00	0.000000e+00	
8.450000e+03	0.000000e+00	0.000000e+00	
8.550000e+03	0.000000e+00	0.000000e+00	
8.650000e+03	0.000000e+00	0.000000e+00	
8.750000e+03	0.000000e+00	0.000000e+00	
8.850000e+03	0.000000e+00	0.000000e+00	
8.950000e+03	0.000000e+00	0.000000e+00	
9.050000e+03	0.000000e+00	0.000000e+00	
9.150000e+03	0.000000e+00	0.000000e+00	
9.250000e+03	0.000000e+00	0.000000e+00	
9.350000e+03	0.000000e+00	0.000000e+00	
9.450000e+03	0.000000e+00	0.000000e+00	
9.550000e+03	0.000000e+00	0.000000e+00	
9.650000e+03	0.000000e+00	0.000000e+00	
9.750000e+03	0.000000e+00	0.000000e+00	
9.850000e+03	0.000000e+00	0.000000e+00	
9.950000e+03	0.000000e+00	0.000000e+00	
5.000000e+01	2.298450e+20	1.636513e+20	
1.500000e+02	2.792013e+20	1.950850e+20	
2.500000e+02	3.512625e+20	2.436738e+20	
3.500000e+02	4.110350e+20	2.848850e+20	
4.500000e+02	4.667850e+20	3.212625e+20	
5.500000e+02	4.817963e+20	3.335738e+20	
6.500000e+02	4.770938e+20	3.292400e+20	
7.500000e+02	4.426563e+20	3.060688e+20	
8.500000e+02	4.051425e+20	2.785000e+20	
9.500000e+02	3.600775e+20	2.475138e+20	
1.050000e+03	3.281988e+20	2.264663e+20	
1.150000e+03	2.980588e+20	2.060838e+20	
1.250000e+03	2.687925e+20	1.853188e+20	
1.350000e+03	2.333525e+20	1.613250e+20	
1.450000e+03	2.178550e+20	1.500088e+20	
1.550000e+03	1.991175e+20	1.379750e+20	
1.650000e+03	1.844100e+20	1.274513e+20	
1.750000e+03	1.766988e+20	1.231300e+20	
1.850000e+03	1.585975e+20	1.094063e+20	
1.950000e+03	1.450613e+20	9.975250e+19	
2.050000e+03	1.397213e+20	9.719000e+19	
2.150000e+03	1.307000e+20	9.039875e+19	
2.250000e+03	1.233325e+20	8.573750e+19	
2.350000e+03	1.218438e+20	8.475500e+19	
2.450000e+03	1.073300e+20	7.476250e+19	
2.550000e+03	9.976125e+19	6.903750e+19	
2.650000e+03	9.303000e+19	6.457125e+19	
2.750000e+03	8.516875e+19	5.927625e+19	
2.850000e+03	8.125000e+19	5.608500e+19	
2.950000e+03	7.478875e+19	5.130875e+19	
3.050000e+03	6.865000e+19	4.766875e+19	
3.150000e+03	6.347375e+19	4.391750e+19	
3.250000e+03	5.984000e+19	4.155875e+19	
3.350000e+03	5.553875e+19	3.863000e+19	
3.450000e+03	5.036375e+19	3.529125e+19	
3.550000e+03	4.671000e+19	3.302875e+19	
3.650000e+03	4.293875e+19	2.975750e+19	
3.750000e+03	4.149000e+19	2.893500e+19	
3.850000e+03	3.560875e+19	2.465500e+19	
3.950000e+03	3.012250e+19	2.137875e+19	
4.050000e+03	2.758000e+19	1.904500e+19	
4.150000e+03	2.578375e+19	1.760000e+19	
4.250000e+03	2.255750e+19	1.573750e+19	
4.350000e+03	1.912000e+19	1.310875e+19	
4.450000e+03	1.535250e+19	1.080375e+19	
4.550000e+03	1.256750e+19	8.688750e+18	
4.650000e+03	1.038375e+19	7.171250e+18	
4.750000e+03	8.908750e+18	6.160000e+18	
4.850000e+03	6.411250e+18	4.415000e+18	
4.950000e+03	5.478750e+18	3.601250e+18	
5.050000e+03	4.498750e+18	3.047500e+18	
5.150000e+03	2.660000e+18	1.791250e+18	
5.250000e+03	1.572500e+18	1.082500e+18	
5.350000e+03	1.427500e+18	9.350000e+17	
5.450000e+03	1.063750e+18	6.475000e+17	
5.550000e+03	5.375000e+17	3.887500e+17	
5.650000e+03	3.762500e+17	2.675000e+17	
5.750000e+03	1.337500e+17	1.100000e+17	
5.850000e+03	9.000000e+16	5.625000e+16	
5.950000e+03	1.250000e+16	1.125000e+16	
6.050000e+03	3.750000e+15	3.750000e+15	
6.150000e+03	4.250000e+16	3.250000e+16	
6.250000e+03	1.250000e+15	1.250000e+15	
6.350000e+03	1.375000e+16	1.000000e+16	
6.450000e+03	3.125000e+16	2.625000e+16	
6.550000e+03	0.000000e+00	0.000000e+00	
6.650000e+03	0.000000e+00	0.000000e+00	
6.750000e+03	0.000000e+00	0.000000e+00	
6.850000e+03	0.000000e+00	0.000000e+00	
6.950000e+03	0.000000e+00	0.000000e+00	
7.050000e+03	0.000000e+00	0.000000e+00	
7.150000e+03	0.000000e+00	0.000000e+00	
7.250000e+03	0.000000e+00	0.000000e+00	
7.350000e+03	0.000000e+00	0.000000e+00	
7.450000e+03	0.000000e+00	0.000000e+00	
7.550000e+03	0.000000e+00	0.000000e+00	
7.650000e+03	0.000000e+00	0.000000e+00	
7.750000e+03	0.000000e+00	0.000000e+00	
7.850000e+03	0.000000e+00	0.000000e+00	
7.950000e+03	0.000000e+00	0.000000e+00	
8.050000e+03	0.000000e+00	0.000000e+00	
8.150000e+03	0.000000e+00	0.000000e+00	
8.250000e+03	0.000000e+00	0.000000e+00	
8.350000e+03	0.000000e+00	0.000000e+00	
8.450000e+03	0.000000e+00	0.000000e+00	
8.550000e+03	0.000000e+00	0.000000e+00	
8.650000e+03	0.000000e+00	0.000000e+00	
8.750000e+03	0.000000e+00	0.000000e+00	
8.850000e+03	0.000000e+00	0.000000e+00	
8.950000e+03	0.000000e+00	0.000000e+00	
9.050000e+03	0.000000e+00	0.000000e+00	
9.150000e+03	0.000000e+00	0.000000e+00	
9.250000e+03	0.000000e+00	0.000000e+00	
9.350000e+03	0.000000e+00	0.000000e+00	
9.450000e+03	0.000000e+00	0.000000e+00	
9.550000e+03	0.000000e+00	0.000000e+00	
9.650000e+03	0.000000e+00	0.000000e+00	
9.750000e+03	0.000000e+00	0.000000e+00	
9.850000e+03	0.000000e+00	0.000000e+00	
9.950000e+03	0.000000e+00	0.000000e+00	
5.000000e+01	7.802313e+20	5.579850e+20	
1.500000e+02	9.723363e+20	6.790613e+20	
2.500000e+02	1.257811e+21	8.745713e+20	
3.500000e+02	1.527945e+21	1.057451e+21	
4.500000e+02	1.767055e+21	1.221420e+21	
5.500000e+02	1.897524e+21	1.311670e+21	
6.500000e+02	1.954301e+21	1.352839e+21	
7.500000e+02	1.909771e+21	1.316449e+21	
8.500000e+02	1.813444e+21	1.247956e+21	
9.500000e+02	1.670499e+21	1.150521e+21	
1.050000e+03	1.513581e+21	1.043526e+21	
1.150000e+03	1.361885e+21	9.390525e+20	
1.250000e+03	1.207089e+21	8.303488e+20	
1.350000e+03	1.042116e+21	7.189625e+20	
1.450000e+03	9.216875e+20	6.347013e+20	
1.550000e+03	8.014113e+20	5.527700e+20	
1.650000e+03	6.984013e+20	4.813875e+20	
1.750000e+03	6.092775e+20	4.214288e+20	
1.850000e+03	5.335238e+20	3.686125e+20	
1.950000e+03	4.688550e+20	3.225838e+20	
2.050000e+03	4.196775e+20	2.898700e+20	
2.150000e+03	3.667663e+20	2.538663e+20	
2.250000e+03	3.255913e+20	2.247088e+20	
2.350000e+03	2.948688e+20	2.035988e+20	
2.450000e+03	2.519538e+20	1.745413e+20	
2.550000e+03	2.239288e+20	1.549950e+20	
2.650000e+03	2.008413e+20	1.391188e+20	
2.750000e+03	1.808938e+20	1.255163e+20	
2.850000e+03	1.646125e+20	1.131863e+20	
2.950000e+03	1.509113e+20	1.037775e+20	
3.050000e+03	1.361713e+20	9.469250e+19	
3.150000e+03	1.193363e+20	8.161000e+19	
3.250000e+03	1.072688e+20	7.428875e+19	
3.350000e+03	9.608875e+19	6.658500e+19	
3.450000e+03	8.716750e+19	6.102500e+19	
3.550000e+03	7.805125e+19	5.480125e+19	
3.650000e+03	7.120500e+19	4.941000e+19	
3.750000e+03	6.495000e+19	4.515000e+19	
3.850000e+03	5.571375e+19	3.879125e+19	
3.950000e+03	4.904000e+19	3.474125e+19	
4.050000e+03	4.354500e+19	3.017000e+19	
4.150000e+03	3.961875e+19	2.711000e+19	
4.250000e+03	3.292625e+19	2.296625e+19	
4.350000e+03	2.859875e+19	1.977125e+19	
4.450000e+03	2.375000e+19	1.659875e+19	
4.550000e+03	1.858500e+19	1.283250e+19	
4.650000e+03	1.509250e+19	1.040250e+19	
4.750000e+03	1.327500e+19	9.196250e+18	
4.850000e+03	9.421250e+18	6.522500e+18	
4.950000e+03	8.116250e+18	5.537500e+18	
5.050000e+03	6.367500e+18	4.408750e+18	
5.150000e+03	4.115000e+18	2.818750e+18	
5.250000e+03	2.302500e+18	1.568750e+18	
5.350000e+03	2.166250e+18	1.462500e+18	
5.450000e+03	1.561250e+18	1.005000e+18	
5.550000e+03	7.812500e+17	5.500000e+17	
5.650000e+03	4.975000e+17	3.550000e+17	
5.750000e+03	1.637500e+17	1.237500e+17	
5.850000e+03	1.075000e+17	7.000000e+16	
5.950000e+03	8.375000e+16	6.125000e+16	
6.050000e+03	1.650000e+17	1.200000e+17	
6.150000e+03	6.250000e+16	4.500000e+16	
6.250000e+03	1.250000e+15	1.250000e+15	
6.350000e+03	1.375000e+16	1.000000e+16	
6.450000e+03	3.125000e+16	2.625000e+16	
6.550000e+03	0.000000e+00	0.000000e+00	
6.650000e+03	0.000000e+00	0.000000e+00	
6.750000e+03	1.250000e+15	0.000000e+00	
6.850000e+03	1.125000e+16	3.750000e+15	
6.950000e+03	7.500000e+15	1.250000e+15	
7.050000e+03	3.750000e+16	2.750000e+16	
7.150000e+03	2.125000e+16	1.500000e+16	
7.250000e+03	0.000000e+00	0.000000e+00	
7.350000e+03	0.000000e+00	0.000000e+00	
7.450000e+03	0.000000e+00	0.000000e+00	
7.550000e+03	2.625000e+16	1.500000e+16	
7.650000e+03	2.000000e+16	1.375000e+16	
7.750000e+03	1.250000e+15	0.000000e+00	
7.850000e+03	2.500000e+15	0.000000e+00	
7.950000e+03	0.000000e+00	0.000000e+00	
8.050000e+03	0.000000e+00	0.000000e+00	
8.150000e+03	0.000000e+00	0.000000e+00	
8.250000e+03	6.250000e+15	2.500000e+15	
8.350000e+03	2.500000e+16	5.000000e+15	
8.450000e+03	8.625000e+16	4.875000e+16	
8.550000e+03	2.125000e+16	1.750000e+16	
8.650000e+03	0.000000e+00	0.000000e+00	
8.750000e+03	0.000000e+00	0.000000e+00	
8.850000e+03	4.750000e+16	4.125000e+16	
8.950000e+03	0.000000e+00	0.000000e+00	
9.050000e+03	0.000000e+00	0.000000e+00	
9.150000e+03	0.000000e+00	0.000000e+00	
9.250000e+03	0.000000e+00	0.000000e+00	
9.350000e+03	0.000000e+00	0.000000e+00	
9.450000e+03	0.000000e+00	0.000000e+00	
9.550000e+03	0.000000e+00	0.000000e+00	
9.650000e+03	0.000000e+00	0.000000e+00	
9.750000e+03	0.000000e+00	0.000000e+00	
9.850000e+03	0.000000e+00	0.000000e+00	
9.950000e+03	0.000000e+00	0.000000e+00	
